# Results for: L = 1, f = 4, s = 0, t = 600
# Format:
# (w, k, n):
#   Obj: Objective value
#   Row: (x_1, x_1'), ..., (x_r, x_r')
#   Col: (y_1, y_1'), ..., (y_k, y_k')

(4, 6, 8):
  Obj: 58
  Row: (12, 8), (5, 9)
  Col: (11, 8), (10, 6), (13, 13), (0, 12), (1, 9), (15, 5)

(4, 6, 9):
  Obj: 94
  Row: (0, 1), (1, 12), (2, 15)
  Col: (8, 7), (12, 10), (5, 11), (13, 8), (7, 3), (4, 13)

(4, 6, 10):
  Obj: 139
  Row: (12, 1), (13, 13), (11, 12), (4, 7)
  Col: (9, 11), (0, 8), (3, 6), (5, 9), (10, 10), (14, 13)

(4, 8, 12):
  Obj: 191
  Row: (7, 1), (14, 3), (15, 7), (1, 15)
  Col: (11, 8), (13, 12), (4, 14), (10, 14), (3, 9), (2, 12), (8, 3), (9, 2)

(4, 10, 16):
  Obj: 409
  Row: (8, 11), (10, 10), (2, 4), (15, 10), (12, 3), (4, 6)
  Col: (0, 12), (7, 3), (1, 7), (13, 15), (3, 1), (5, 7), (6, 10), (9, 8), (14, 2), (11, 13)
