# Results for: L = 3000, f = 3, s = 2, t = 600
# Format:
# (w, k, n):
#   Obj: Objective value
#   Row: (x_1, x_1'), ..., (x_r, x_r')
#   Col: (y_1, y_1'), ..., (y_k, y_k')

(4, 6, 8):
  Obj: 60
  Row: (0, 1), (6, 9)
  Col: (2, 9), (4, 9), (7, 4), (9, 2), (12, 5), (15, 4)

(4, 6, 9):
  Obj: 96
  Row: (0, 1), (6, 13), (13, 8)
  Col: (1, 11), (2, 1), (4, 13), (7, 8), (12, 10), (15, 8)

(4, 6, 10):
  Obj: 132
  Row: (5, 1), (8, 15), (11, 3), (14, 7)
  Col: (4, 15), (7, 12), (9, 7), (10, 8), (12, 2), (15, 12)

(4, 8, 12):
  Obj: 185
  Row: (5, 1), (8, 15), (11, 3), (14, 7)
  Col: (1, 4), (3, 5), (4, 15), (7, 12), (9, 7), (10, 8), (12, 2), (15, 12)

(4, 10, 16):
  Obj: 380
  Row: (3, 1), (5, 8), (6, 7), (8, 8), (11, 7), (13, 11)
  Col: (0, 14), (1, 14), (2, 8), (4, 12), (7, 9), (9, 12), (10, 9), (12, 7), (14, 3), (15, 8)

# Results for: L = 100, f = 3, s = 2, t = 3600

(8, 6, 8):
  Obj: 129
  Row: (154, 1), (155, 71)
  Col: (7, 9), (60, 5), (61, 5), (110, 3), (111, 3), (232, 17)

(8, 6, 9):
  Obj: 242
  Row: (20, 1), (155, 1), (224, 245)
  Col: (21, 1), (61, 208), (110, 3), (154, 2), (160, 169), (225, 143)

(8, 6, 10):
  Obj: 356
  Row: (44, 1), (86, 143), (159, 201), (229, 2)
  Col: (12, 31), (17, 243), (107, 4), (162, 2), (192, 252), (216, 243)

(8, 8, 12):
  Obj: 517
  Row: (52, 1), (55, 142), (193, 143), (194, 201), 
  Col: (53, 1), (54, 1), (102, 187), (103, 143), (144, 107), (147, 187), (192, 245), (195, 245)

(8, 10, 16):

