# Results for: L = 1, f = 5, s = 0, t = 600
# Format:
# (w, k, n):
#   Obj: Objective value
#   Row: (x_1, x_1'), ..., (x_r, x_r')
#   Col: (y_1, y_1'), ..., (y_k, y_k')

(4, 6, 8):
  Obj: 57
  Row: (0, 1), (14, 5)
  Col: (2, 1), (3, 10), (4, 13), (10, 12), (12, 12), (13, 4)

(4, 6, 9):
  Obj: 94
  Row: (0, 1), (7, 6), (10, 15)
  Col: (2, 1), (5, 11), (6, 7), (8, 13), (9, 9), (13, 4)

(4, 6, 10):
  Obj: 131
  Row: (0, 1), (5, 4), (7, 6), (14, 10)
  Col: (2, 1), (3, 5), (6, 7), (8, 13), (13, 4), (15, 3)

(4, 8, 12):
  Obj: 194
  Row: (0, 1), (7, 8), (10, 3), (14, 5)
  Col: (2, 2), (3, 7), (4, 9), (8, 15), (11, 5), (12, 12), (13, 4), (15, 8)

(4, 10, 16):
  Obj: 401
  Row: (0, 1), (6, 6), (7, 14), (10, 2), (12, 1), (14, 15)
  Col: (1, 1), (2, 14), (3, 4), (4, 7), (5, 8), (8, 13), (9, 5), (11, 15), (13, 2), (15, 8)
